[[-0.46639516]]
[[1.1525658]]
[[0.69253963]]
[[1.47066007]]
[[1.09403533]]
[[1.71796718]]
[[1.50793069]]
[[1.94519725]]
[[1.42589663]]
[[1.44196691]]
[[1.14502808]]
[[1.58250393]]
[[0.52866256]]
[[1.26462897]]
[[1.09859339]]
[[1.44926106]]
[[1.54707944]]
[[1.69951194]]
[[1.4333105]]
[[2.11350976]]
[[1.57349132]]
[[2.45452164]]
[[1.31586435]]
[[1.9621359]]
[[1.37052496]]
[[-0.40540133]]
[[-0.51916497]]
[[0.03013416]]
[[0.27658919]]
[[0.49862593]]
[[-0.14797418]]
[[0.60575081]]
[[0.18010705]]
[[0.54146644]]
[[0.18085697]]
[[0.65667366]]
[[0.37037166]]
[[0.3049]]
[[0.91235566]]
[[0.61477301]]
[[0.3511705]]
[[0.63272729]]
[[0.48404706]]
[[0.379397]]
[[0.83243388]]
[[0.5524933]]
[[0.49745628]]
[[0.85009035]]
[[0.86002937]]
[[0.71368483]]
[[0.80323005]]
[[0.87212338]]
[[2.02936133]]
[[1.65742252]]
[[1.05837506]]
[[1.15532395]]
[[1.17492097]]
[[1.45977681]]
