[[-0.45654329]]
[[0.57083874]]
[[0.26621568]]
[[0.79122228]]
[[0.43976836]]
[[0.87078203]]
[[0.7136668]]
[[1.04659108]]
[[0.63132833]]
[[0.91648426]]
[[0.60464216]]
[[0.88816949]]
[[0.22996806]]
[[0.57211458]]
[[0.4258602]]
[[0.63324538]]
[[0.7810007]]
[[0.90054307]]
[[0.7426715]]
[[1.09688755]]
[[0.56020802]]
[[1.48917038]]
[[0.60821771]]
[[1.03293196]]
[[0.69686464]]
[[-0.46794923]]
[[-0.15981149]]
[[-0.27605538]]
[[-0.09305501]]
[[0.11288959]]
[[-0.27914542]]
[[0.16655083]]
[[-0.04429412]]
[[0.23974867]]
[[-0.04629932]]
[[0.175418]]
[[0.03554332]]
[[-0.06862533]]
[[0.32645284]]
[[0.16719493]]
[[0.05767694]]
[[0.17790766]]
[[0.09212639]]
[[0.01101704]]
[[0.26791622]]
[[0.09413623]]
[[0.12720161]]
[[0.27496143]]
[[0.27308305]]
[[0.2043669]]
[[0.17062259]]
[[0.30989346]]
[[1.12768218]]
[[0.82965696]]
[[0.43326464]]
[[0.4600157]]
[[0.88969215]]
[[0.88862894]]
